9 0.210625 0.113158 0.033750 0.057895
9 0.248125 0.111842 0.033750 0.065789
9 0.250000 0.030263 0.037500 0.055263
9 0.368750 0.363158 0.025000 0.063158
9 0.409375 0.364474 0.031250 0.065789
9 0.369375 0.448684 0.026250 0.060526
4 0.340625 0.488158 0.051250 0.097368
4 0.285625 0.457895 0.053750 0.110526
2 0.630000 0.888158 0.077500 0.081579
2 0.948125 0.550000 0.076250 0.084211
2 0.790000 0.255263 0.082500 0.168421
0 0.450000 0.897368 0.045000 0.063158
1 0.450625 0.968421 0.038750 0.063158
1 0.250000 0.892105 0.035000 0.073684
8 0.089375 0.171053 0.033750 0.215789
