9 0.321250 0.039474 0.037500 0.047368
9 0.361875 0.038158 0.026250 0.065789
9 0.521250 0.288158 0.025000 0.065789
9 0.482500 0.288158 0.027500 0.076316
9 0.480625 0.373684 0.036250 0.052632
2 0.902500 0.180263 0.077500 0.155263
3 0.741875 0.815789 0.076250 0.089474
0 0.563125 0.818421 0.031250 0.063158
0 0.563125 0.906579 0.038750 0.065789
0 0.363750 0.825000 0.040000 0.065789
1 0.461250 0.440789 0.042500 0.071053
4 0.355000 0.314474 0.047500 0.123684
4 0.449375 0.296053 0.033750 0.113158
8 0.203750 0.105263 0.035000 0.205263
