5 0.527500 0.365789 0.025000 0.057895
4 0.396250 0.427632 0.045000 0.107895
4 0.421875 0.392105 0.041250 0.115789
9 0.371250 0.543421 0.027500 0.065789
9 0.371875 0.622368 0.028750 0.065789
9 0.411875 0.705263 0.031250 0.068421
9 0.451875 0.707895 0.028750 0.068421
9 0.491875 0.622368 0.021250 0.055263
9 0.491875 0.542105 0.031250 0.063158
0 0.813750 0.736842 0.037500 0.078947
0 0.851875 0.815789 0.033750 0.084211
0 0.852500 0.060526 0.045000 0.068421
0 0.894375 0.059211 0.036250 0.060526
8 0.432500 0.263158 0.095000 0.168421
