5 0.378750 0.584211 0.020000 0.047368
5 0.453750 0.548684 0.020000 0.044737
4 0.348750 0.618421 0.047500 0.100000
9 0.328750 0.692105 0.022500 0.057895
9 0.331875 0.780263 0.023750 0.071053
9 0.451875 0.692105 0.021250 0.068421
9 0.450000 0.777632 0.037500 0.071053
9 0.369375 0.860526 0.023750 0.068421
9 0.410625 0.859211 0.038750 0.055263
0 0.771250 0.885526 0.040000 0.060526
0 0.811250 0.964474 0.035000 0.071053
0 0.811875 0.210526 0.033750 0.073684
0 0.851250 0.211842 0.035000 0.076316
8 0.391250 0.421053 0.097500 0.184211
