0 0.322500 0.928947 0.035000 0.073684
0 0.441875 0.934211 0.043750 0.073684
0 0.442500 0.846053 0.042500 0.065789
0 0.683125 0.764474 0.051250 0.071053
0 0.921875 0.506579 0.031250 0.076316
1 0.163125 0.513158 0.048750 0.078947
9 0.238750 0.315789 0.035000 0.068421
9 0.280000 0.401316 0.035000 0.055263
9 0.280000 0.317105 0.012500 0.071053
9 0.401250 0.064474 0.035000 0.060526
9 0.441250 0.061842 0.027500 0.071053
9 0.880625 0.902632 0.026250 0.078947
9 0.921250 0.906579 0.025000 0.060526
9 0.840625 0.980263 0.036250 0.039474
9 0.960000 0.976316 0.012500 0.047368
8 0.120000 0.123684 0.035000 0.226316
